0.0037207738 -1.8864092e-10
0.011431006 -1.7163358e-09
0.019698008 -3.9690124e-09
0.028561986 -4.3500965e-09
0.03806605 -2.2889828e-09
0.04825642 8.3360411e-10
0.059182656 3.0265342e-09
0.070897896 3.7707357e-09
0.083459117 4.5602044e-09
0.096927407 6.0458392e-09
0.11136827 7.7554849e-09
0.12685193 7.885991e-09
 0.1434537 7.4255692e-09
0.16125431 6.8942514e-09
0.18034035 4.4432258e-09
0.20080462 1.4394982e-09
0.22274665 1.1525978e-09
0.24627316 3.3996477e-09
0.27149856 3.7331497e-09
0.29854554 1.3289209e-09
0.32754564 -1.0724989e-09
0.35863988 -2.5026344e-09
 0.3919795 -2.7408667e-09
0.42772664 -1.823853e-09
0.46605515 -1.3011835e-09
0.50715143 -1.8723324e-09
0.55121535 -3.0612211e-09
0.59846122 -3.158264e-09
 0.6491188 -2.2238977e-09
0.70343446 -2.272692e-09
0.76167236 -1.9530052e-09
0.82411572 -1.1505794e-09
0.89106825 -7.7554331e-10
0.96285554 -1.2975813e-10
