0.0037207738 2.2509568e-11
0.011431006 4.9191536e-10
0.019698008 1.5904397e-09
0.028561986 1.2444695e-09
0.03806605 -1.1543533e-09
0.04825642 -3.6826525e-09
0.059182656 -5.1496211e-09
0.070897896 -5.3499407e-09
0.083459117 -4.7937291e-09
0.096927407 -4.6783564e-09
0.11136827 -5.3683345e-09
0.12685193 -6.4063357e-09
 0.1434537 -7.0572872e-09
0.16125431 -5.9247913e-09
0.18034035 -4.066723e-09
0.20080462 -2.8523139e-09
0.22274665 -1.5708331e-09
0.24627316 1.7670905e-11
0.27149856 4.7903421e-11
0.29854554 -3.2858751e-10
0.32754564 1.222085e-10
0.35863988 8.115933e-10
 0.3919795 1.5526731e-09
0.42772664 1.0445238e-09
0.46605515 1.3558648e-09
0.50715143 2.440939e-09
0.55121535 1.5535745e-09
0.59846122 1.1592928e-09
 0.6491188 1.6688903e-09
0.70343446 1.9618939e-09
0.76167236 2.2236432e-09
0.82411572 1.3912437e-09
0.89106825 2.2216605e-10
0.96285554 -2.1082647e-10
