0.0037207738 -1.0640224e-08
0.011431006 -9.6463332e-08
0.019698008 -1.9923378e-07
0.028561986 -1.5197526e-07
0.03806605 -1.9233885e-08
0.04825642 6.1339552e-08
0.059182656 6.0287011e-08
0.070897896 1.4409288e-08
0.083459117 -4.6000518e-08
0.096927407 -1.0854304e-07
0.11136827 -1.6171388e-07
0.12685193 -2.0679284e-07
 0.1434537 -2.4135152e-07
0.16125431 -2.6119873e-07
0.18034035 -2.7939452e-07
0.20080462 -2.9612118e-07
0.22274665 -3.038321e-07
0.24627316 -3.0528729e-07
0.27149856 -3.0537344e-07
0.29854554 -3.1290837e-07
0.32754564 -3.225077e-07
0.35863988 -3.2985428e-07
 0.3919795 -3.3346535e-07
0.42772664 -3.3493781e-07
0.46605515 -3.3800226e-07
0.50715143 -3.4720829e-07
0.55121535 -3.6147528e-07
0.59846122 -3.7574279e-07
 0.6491188 -3.8815645e-07
0.70343446 -3.9917277e-07
0.76167236 -4.104366e-07
0.82411572 -4.1443093e-07
0.89106825 -4.1542509e-07
0.96285554 -4.1765028e-07
