0.0037207738 1.7265455e-10
0.011431006 2.4695044e-09
0.019698008 7.5783965e-09
0.028561986 7.7598863e-09
0.03806605 -8.3767365e-11
0.04825642 -9.2878337e-09
0.059182656 -1.4571044e-08
0.070897896 -1.5571376e-08
0.083459117 -1.4375141e-08
0.096927407 -1.2349054e-08
0.11136827 -9.7291035e-09
0.12685193 -7.3007849e-09
 0.1434537 -5.8171083e-09
0.16125431 -4.6877536e-09
0.18034035 -2.9550925e-09
0.20080462 -1.6476664e-09
0.22274665 -1.5748993e-09
0.24627316 -8.5284589e-10
0.27149856 4.7044524e-10
0.29854554 7.4377096e-10
0.32754564 -1.8416125e-11
0.35863988 -1.5828154e-09
 0.3919795 -4.1088614e-09
0.42772664 -6.1663464e-09
0.46605515 -6.9713308e-09
0.50715143 -6.4568181e-09
0.55121535 -5.3566441e-09
0.59846122 -4.2104173e-09
 0.6491188 -2.8195778e-09
0.70343446 -2.2910896e-09
0.76167236 -1.4552261e-09
0.82411572 -9.4584719e-10
0.89106825 -5.839087e-10
0.96285554 -1.1981682e-10
