0.0037207738 1.8536741e-05
0.011431006 9.966187e-06
0.019698008 -8.6804937e-06
0.028561986 -1.2633189e-05
0.03806605 -7.6335567e-06
0.04825642 -3.1159724e-06
0.059182656 -8.7579054e-07
0.070897896 -3.2888526e-09
0.083459117 2.5831106e-07
0.096927407 3.193077e-07
0.11136827 3.1464309e-07
0.12685193 2.7934857e-07
 0.1434537 2.0637711e-07
0.16125431 1.511015e-07
0.18034035 1.1105722e-07
0.20080462 8.4426227e-08
0.22274665 6.2331917e-08
0.24627316 4.1533297e-08
0.27149856 3.6486256e-08
0.29854554 2.2150466e-08
0.32754564 1.1275593e-08
0.35863988 1.3330505e-08
 0.3919795 1.3413791e-08
0.42772664 4.4041146e-09
0.46605515 7.8407836e-09
0.50715143 6.7712507e-09
0.55121535 -2.2491021e-11
0.59846122 2.1323764e-09
 0.6491188 6.0631712e-09
0.70343446 2.5091723e-09
0.76167236 6.3716606e-09
0.82411572 8.8707402e-09
0.89106825 9.8834525e-09
0.96285554 1.0513621e-08
