0.0037207738 3.4631691e-05
0.011431006 1.9640472e-05
0.019698008 -1.6796281e-05
0.028561986 -2.4596704e-05
0.03806605 -1.4655863e-05
0.04825642 -5.7601635e-06
0.059182656 -1.3764123e-06
0.070897896 2.793785e-07
0.083459117 7.2618339e-07
0.096927407 8.008842e-07
0.11136827 7.494761e-07
0.12685193 6.35306e-07
 0.1434537 4.5336019e-07
0.16125431 3.3111824e-07
0.18034035 2.4223639e-07
0.20080462 1.8379499e-07
0.22274665 1.3232196e-07
0.24627316 8.9950847e-08
0.27149856 8.2114255e-08
0.29854554 5.0591274e-08
0.32754564 2.626566e-08
0.35863988 2.5285926e-08
 0.3919795 2.5724352e-08
0.42772664 1.2864147e-08
0.46605515 1.6537765e-08
0.50715143 1.3306039e-08
0.55121535 1.3772541e-09
0.59846122 4.3528048e-09
 0.6491188 8.2458232e-09
0.70343446 -1.4241676e-10
0.76167236 8.1066869e-09
0.82411572 8.7598124e-09
0.89106825 1.3765176e-08
0.96285554 1.1099673e-08
