0.0037207738 -7.2954912e-07
0.011431006 -1.4428243e-06
0.019698008 -6.0720035e-07
0.028561986 4.1636399e-07
0.03806605 6.0930887e-07
0.04825642 4.5293535e-07
0.059182656 2.8243829e-07
0.070897896 1.6823416e-07
0.083459117 1.03163e-07
0.096927407 6.2568684e-08
0.11136827 3.8796811e-08
0.12685193 2.1354956e-08
 0.1434537 1.629556e-08
0.16125431 6.6919129e-09
0.18034035 5.4945204e-09
0.20080462 8.5560209e-10
0.22274665 1.6697333e-10
0.24627316 2.4626473e-09
0.27149856 -1.5683529e-09
0.29854554 -4.4847923e-10
0.32754564 1.7571323e-09
0.35863988 -7.4398933e-10
 0.3919795 -3.1456576e-10
0.42772664 -6.5392529e-10
0.46605515 -2.7666046e-10
0.50715143 5.1703537e-10
0.55121535 8.3197414e-11
0.59846122 7.7753824e-10
 0.6491188 -7.5372721e-10
0.70343446 2.6856066e-10
0.76167236 -1.4877218e-11
0.82411572 3.266171e-10
0.89106825 1.8232559e-11
0.96285554 3.0778336e-10
