0.0037207738 2.376414e-06
0.011431006 1.1268716e-07
0.019698008 -8.1350883e-07
0.028561986 -8.7066039e-07
0.03806605 -7.2709542e-07
0.04825642 -5.130559e-07
0.059182656 -3.5937625e-07
0.070897896 -2.3341904e-07
0.083459117 -1.3850702e-07
0.096927407 -8.6808487e-08
0.11136827 -4.909553e-08
0.12685193 -1.7024302e-08
 0.1434537 4.1829246e-09
0.16125431 4.4747365e-09
0.18034035 4.5884914e-09
0.20080462 3.9675465e-09
0.22274665 6.0018821e-09
0.24627316 2.4848282e-09
0.27149856 -1.3108724e-09
0.29854554 6.5128484e-10
0.32754564 2.16876e-09
0.35863988 4.3810441e-09
 0.3919795 4.004938e-09
0.42772664 -2.8402604e-09
0.46605515 -1.3631021e-10
0.50715143 1.6342896e-09
0.55121535 -1.4723596e-09
0.59846122 -1.0415889e-09
 0.6491188 2.6753089e-09
0.70343446 2.9814858e-09
0.76167236 3.3948116e-09
0.82411572 5.2464126e-09
0.89106825 3.3033782e-09
0.96285554 6.2995445e-09
