0.0037207738 -2.7715211e-05
0.011431006 -2.1806564e-05
0.019698008 -1.6569185e-05
0.028561986 -1.4526948e-05
0.03806605 -1.365836e-05
0.04825642 -1.2225001e-05
0.059182656 -1.0368201e-05
0.070897896 -8.5580269e-06
0.083459117 -7.0223466e-06
0.096927407 -5.7931685e-06
0.11136827 -4.812259e-06
0.12685193 -4.0368906e-06
 0.1434537 -3.4190442e-06
0.16125431 -2.9125531e-06
0.18034035 -2.500125e-06
0.20080462 -2.1630542e-06
0.22274665 -1.8772291e-06
0.24627316 -1.6342184e-06
0.27149856 -1.4311655e-06
0.29854554 -1.2540795e-06
0.32754564 -1.1003345e-06
0.35863988 -9.6279045e-07
 0.3919795 -8.3985876e-07
0.42772664 -7.3248009e-07
0.46605515 -6.3746761e-07
0.50715143 -5.5192237e-07
0.55121535 -4.6773072e-07
0.59846122 -3.8836361e-07
 0.6491188 -3.1841881e-07
0.70343446 -2.5732898e-07
0.76167236 -2.0628744e-07
0.82411572 -1.6475545e-07
0.89106825 -1.3304903e-07
0.96285554 -1.1645107e-07
