0.0037207738 -5.9924512e-06
0.011431006 1.5685139e-06
0.019698008 3.9299788e-06
0.028561986 6.9693799e-06
0.03806605 7.1850869e-06
0.04825642 6.3503921e-06
0.059182656 5.6198068e-06
0.070897896 5.031111e-06
0.083459117 4.5120914e-06
0.096927407 4.0605942e-06
0.11136827 3.6007483e-06
0.12685193 3.2042581e-06
 0.1434537 2.8876702e-06
0.16125431 2.553224e-06
0.18034035 2.2556412e-06
0.20080462 2.0182846e-06
0.22274665 1.8233803e-06
0.24627316 1.6372594e-06
0.27149856 1.4371209e-06
0.29854554 1.2811165e-06
0.32754564 1.1498943e-06
0.35863988 1.0096964e-06
 0.3919795 8.8105209e-07
0.42772664 7.9807555e-07
0.46605515 7.0778162e-07
0.50715143 6.4856898e-07
0.55121535 5.7268141e-07
0.59846122 4.9473958e-07
 0.6491188 4.6194958e-07
0.70343446 4.1051679e-07
0.76167236 3.8002667e-07
0.82411572 3.5728521e-07
0.89106825 3.3829668e-07
0.96285554 3.3027571e-07
