0.0037207738 -5.0555302e-05
0.011431006 -4.1170791e-05
0.019698008 -3.0685575e-05
0.028561986 -2.6029924e-05
0.03806605 -2.4023539e-05
0.04825642 -2.1206692e-05
0.059182656 -1.7716403e-05
0.070897896 -1.4376465e-05
0.083459117 -1.1578543e-05
0.096927407 -9.3672985e-06
0.11136827 -7.6247022e-06
0.12685193 -6.2660607e-06
 0.1434537 -5.1973067e-06
0.16125431 -4.3324839e-06
0.18034035 -3.6435283e-06
0.20080462 -3.0936092e-06
0.22274665 -2.6336848e-06
0.24627316 -2.2494051e-06
0.27149856 -1.9347109e-06
0.29854554 -1.6640697e-06
0.32754564 -1.4353438e-06
0.35863988 -1.2344067e-06
 0.3919795 -1.0589074e-06
0.42772664 -9.0911956e-07
0.46605515 -7.8009117e-07
0.50715143 -6.6728214e-07
0.55121535 -5.5805762e-07
0.59846122 -4.576335e-07
 0.6491188 -3.7287628e-07
0.70343446 -3.0042461e-07
0.76167236 -2.4001111e-07
0.82411572 -1.917555e-07
0.89106825 -1.5445693e-07
0.96285554 -1.3513999e-07
