0.0037207738 5.6313483e-07
0.011431006 1.0881923e-06
0.019698008 7.3789545e-07
0.028561986 -5.4453768e-09
0.03806605 -4.2091758e-07
0.04825642 -4.600602e-07
0.059182656 -3.2429187e-07
0.070897896 -1.5315281e-07
0.083459117 -1.7800986e-09
0.096927407 1.1683008e-07
0.11136827 2.0250413e-07
0.12685193 2.5745224e-07
 0.1434537 2.8936626e-07
0.16125431 3.058105e-07
0.18034035 3.1033921e-07
0.20080462 3.0562732e-07
0.22274665 2.9369903e-07
0.24627316 2.7749649e-07
0.27149856 2.580199e-07
0.29854554 2.3630959e-07
0.32754564 2.1641836e-07
0.35863988 1.9689174e-07
 0.3919795 1.778891e-07
0.42772664 1.602173e-07
0.46605515 1.4288773e-07
0.50715143 1.2538506e-07
0.55121535 1.0975658e-07
0.59846122 9.4631955e-08
 0.6491188 7.9999744e-08
0.70343446 6.6054599e-08
0.76167236 5.1397228e-08
0.82411572 3.6881454e-08
0.89106825 2.2786474e-08
0.96285554 7.8078744e-09
