0.0037207738 -4.8307665e-06
0.011431006 -2.3186051e-06
0.019698008 -2.2227684e-06
0.028561986 -2.7001411e-06
0.03806605 -2.9000154e-06
0.04825642 -2.8028794e-06
0.059182656 -2.5485768e-06
0.070897896 -2.2472919e-06
0.083459117 -1.9605935e-06
0.096927407 -1.7066533e-06
0.11136827 -1.4863769e-06
0.12685193 -1.2984361e-06
 0.1434537 -1.1400344e-06
0.16125431 -1.0050761e-06
0.18034035 -8.8660348e-07
0.20080462 -7.8290804e-07
0.22274665 -6.94447e-07
0.24627316 -6.1825373e-07
0.27149856 -5.5256435e-07
0.29854554 -4.9543553e-07
0.32754564 -4.440467e-07
0.35863988 -3.9642004e-07
 0.3919795 -3.5186087e-07
0.42772664 -3.126452e-07
0.46605515 -2.7670115e-07
0.50715143 -2.426114e-07
0.55121535 -2.0834959e-07
0.59846122 -1.7414275e-07
 0.6491188 -1.414229e-07
0.70343446 -1.1235945e-07
0.76167236 -8.8672081e-08
0.82411572 -6.875138e-08
0.89106825 -5.3373722e-08
0.96285554 -4.5051955e-08
