0.0037207738 1.0457262e-05
0.011431006 8.8441226e-05
0.019698008 0.00020722207
0.028561986 0.00030079512
0.03806605 0.00034248927
0.04825642 0.00034499531
0.059182656 0.00032754207
0.070897896 0.00030270273
0.083459117 0.00027648702
0.096927407 0.00025135217
0.11136827 0.00022849404
0.12685193 0.00020822953
 0.1434537 0.00019050699
0.16125431 0.00017522179
0.18034035 0.00016205536
0.20080462 0.00015045688
0.22274665 0.0001400776
0.24627316 0.00013085828
0.27149856 0.0001225158
0.29854554 0.0001148336
0.32754564 0.00010758099
0.35863988 0.00010072594
 0.3919795 9.4251012e-05
0.42772664 8.7947206e-05
0.46605515 8.1741698e-05
0.50715143 7.512485e-05
0.55121535 6.8098115e-05
0.59846122 6.0940075e-05
 0.6491188 5.3964009e-05
0.70343446 4.7280427e-05
0.76167236 4.0864506e-05
0.82411572 3.4735823e-05
0.89106825 3.0012093e-05
0.96285554 2.7468247e-05
