0.0037207738 -0.00010290221
0.011431006 -6.7355527e-05
0.019698008 -3.3937954e-05
0.028561986 -7.8426789e-05
0.03806605 -0.00011418531
0.04825642 -0.00011258316
0.059182656 -9.7490265e-05
0.070897896 -8.6107894e-05
0.083459117 -7.7915443e-05
0.096927407 -7.1075942e-05
0.11136827 -6.4497153e-05
0.12685193 -5.7887649e-05
 0.1434537 -5.2096944e-05
0.16125431 -4.7214568e-05
0.18034035 -4.3114315e-05
0.20080462 -4.0141715e-05
0.22274665 -3.6944343e-05
0.24627316 -3.4193663e-05
0.27149856 -3.3033388e-05
0.29854554 -3.1381372e-05
0.32754564 -2.956419e-05
0.35863988 -2.7283493e-05
 0.3919795 -2.5193729e-05
0.42772664 -2.3101003e-05
0.46605515 -2.242207e-05
0.50715143 -2.1947133e-05
0.55121535 -1.7678796e-05
0.59846122 -1.5496023e-05
 0.6491188 -1.6433732e-05
0.70343446 -1.492075e-05
0.76167236 -1.0384289e-05
0.82411572 -5.8989521e-06
0.89106825 -6.8045246e-06
0.96285554 -2.7643841e-06
