0.0037207738 3.6249781e-05
0.011431006 3.6063229e-05
0.019698008 3.53573e-05
0.028561986 3.3811892e-05
0.03806605 3.1318362e-05
0.04825642 2.8017694e-05
0.059182656 2.4192044e-05
0.070897896 2.0154048e-05
0.083459117 1.6181606e-05
0.096927407 1.2492913e-05
0.11136827 9.2345997e-06
0.12685193 6.4785668e-06
 0.1434537 4.2345089e-06
0.16125431 2.4716521e-06
0.18034035 1.1428111e-06
0.20080462 2.0490077e-07
0.22274665 -3.7215509e-07
0.24627316 -6.1785764e-07
0.27149856 -5.6666435e-07
0.29854554 -2.618283e-07
0.32754564 2.7651482e-07
0.35863988 1.0822787e-06
 0.3919795 2.1697028e-06
0.42772664 3.5057009e-06
0.46605515 5.0578072e-06
0.50715143 6.8045845e-06
0.55121535 8.743503e-06
0.59846122 1.0909383e-05
 0.6491188 1.3285553e-05
0.70343446 1.5777907e-05
0.76167236 1.8245236e-05
0.82411572 2.0433446e-05
0.89106825 2.2090794e-05
0.96285554 2.3025461e-05
