0.0037207738 1.4906715e-06
0.011431006 1.4036512e-06
0.019698008 8.4687948e-07
0.028561986 1.8119267e-07
0.03806605 -4.2910521e-07
0.04825642 -8.5126609e-07
0.059182656 -1.0194633e-06
0.070897896 -9.5533388e-07
0.083459117 -7.4556155e-07
0.096927407 -4.7280354e-07
0.11136827 -2.0896528e-07
0.12685193 -1.5329109e-08
 0.1434537 9.2783718e-08
0.16125431 1.427759e-07
0.18034035 1.6079988e-07
0.20080462 1.5500999e-07
0.22274665 1.4092047e-07
0.24627316 1.2722701e-07
0.27149856 1.1482592e-07
0.29854554 1.0983754e-07
0.32754564 9.4071411e-08
0.35863988 5.3489348e-08
 0.3919795 1.9943802e-08
0.42772664 6.6946718e-09
0.46605515 8.2830537e-09
0.50715143 1.2787334e-08
0.55121535 -4.9358948e-09
0.59846122 -2.0788711e-08
 0.6491188 -1.817265e-08
0.70343446 -1.2192757e-08
0.76167236 -1.005397e-08
0.82411572 -9.7978931e-09
0.89106825 -5.3303604e-09
0.96285554 -2.154837e-09
