0.0037207738 2.5701333e-17
0.011431006 -4.2973334e-17
0.019698008 -1.1166667e-17
0.028561986 2.3266667e-16
0.03806605 -5.0382e-17
0.04825642 -8.8434003e-17
0.059182656 -1.1394533e-16
0.070897896 -4.1280002e-17
0.083459117 1.9894667e-16
0.096927407 -9.9927335e-17
0.11136827 4.6836666e-17
0.12685193 -3.9138666e-17
 0.1434537 6.7513333e-17
0.16125431 1.4466677e-18
0.18034035 -1.4132001e-17
0.20080462 -1.32958e-16
0.22274665  1.588e-17
0.24627316 6.3313332e-17
0.27149856 -8.3800011e-18
0.29854554 1.7121667e-16
0.32754564 -2.4775999e-17
0.35863988 -7.5824932e-17
 0.3919795 2.9924666e-17
0.42772664 -2.7426669e-18
0.46605515 2.2100001e-17
0.50715143 4.5073334e-17
0.55121535 1.6977334e-17
0.59846122 1.9327999e-17
 0.6491188 3.5926667e-17
0.70343446 -7.0553336e-18
0.76167236 -4.8640001e-17
0.82411572 9.5122667e-17
0.89106825 -1.8944e-17
0.96285554 2.4369333e-17
