0.0037207738 -8.1398581e-06
0.011431006 -4.9732374e-06
0.019698008 -4.7453937e-06
0.028561986 -4.5175612e-06
0.03806605 -3.2134493e-06
0.04825642 -1.6653398e-06
0.059182656 -4.4305713e-07
0.070897896 3.4650582e-07
0.083459117 7.5145863e-07
0.096927407 9.2397139e-07
0.11136827 9.4683933e-07
0.12685193 8.3316748e-07
 0.1434537 6.9010265e-07
0.16125431 6.0744743e-07
0.18034035 5.711292e-07
0.20080462 5.2220064e-07
0.22274665 4.2580201e-07
0.24627316 3.8003861e-07
0.27149856 3.8768163e-07
0.29854554 3.5033938e-07
0.32754564 3.0318652e-07
0.35863988 2.6650191e-07
 0.3919795 2.7352374e-07
0.42772664 3.0955041e-07
0.46605515 2.909852e-07
0.50715143 2.2365291e-07
0.55121535 1.9005467e-07
0.59846122 1.9610482e-07
 0.6491188 1.7775219e-07
0.70343446 1.6079112e-07
0.76167236 1.5588282e-07
0.82411572 1.2661082e-07
0.89106825 7.3280603e-08
0.96285554 2.1557019e-08
