0.0037207738 -7.4354603e-06
0.011431006 -5.0205341e-06
0.019698008 -4.0918015e-06
0.028561986 -2.7377621e-06
0.03806605 -1.0866637e-06
0.04825642 7.1807651e-08
0.059182656 6.4179835e-07
0.070897896 8.6354662e-07
0.083459117 9.0408806e-07
0.096927407 7.9151796e-07
0.11136827 5.8836141e-07
0.12685193 4.3576038e-07
 0.1434537 3.4808307e-07
0.16125431 2.4565527e-07
0.18034035 1.8460926e-07
0.20080462 1.8332875e-07
0.22274665 1.8979133e-07
0.24627316 2.3137372e-07
0.27149856 2.5206619e-07
0.29854554 2.5018724e-07
0.32754564 2.5281577e-07
0.35863988 1.9324081e-07
 0.3919795 1.270534e-07
0.42772664 1.0562097e-07
0.46605515 9.4575043e-08
0.50715143 9.3268644e-08
0.55121535 1.2439416e-07
0.59846122 1.5812733e-07
 0.6491188 1.8734253e-07
0.70343446 2.0949121e-07
0.76167236 2.0451788e-07
0.82411572 1.8254654e-07
0.89106825 1.1756163e-07
0.96285554 3.4913253e-08
