0.0037207738 9.8733297e-18
0.011431006 2.8764002e-16
0.019698008 -1.1736399e-16
0.028561986 8.7133257e-18
0.03806605 -4.9666687e-17
0.04825642 -1.2673332e-16
0.059182656 -4.3266653e-17
0.070897896 2.6273335e-16
0.083459117 5.4071999e-16
0.096927407 1.6895333e-16
0.11136827 -4.2672666e-16
0.12685193 4.4632666e-16
 0.1434537 3.7020003e-16
0.16125431 3.7202598e-16
0.18034035 2.8709335e-16
0.20080462 4.2886678e-17
0.22274665 -1.3276e-16
0.24627316 -2.4583599e-16
0.27149856 -2.3171334e-16
0.29854554 -3.8234022e-17
0.32754564 -3.280027e-18
0.35863988 8.4806685e-17
 0.3919795 9.2313459e-18
0.42772664 -5.3013332e-17
0.46605515 6.4433338e-17
0.50715143 2.4413324e-17
0.55121535 -8.5726672e-17
0.59846122 1.9033336e-17
 0.6491188 -5.0717339e-17
0.70343446 -3.8139984e-17
0.76167236 3.3077989e-18
0.82411572 -7.4853335e-17
0.89106825 -7.3293224e-18
0.96285554 3.0758006e-17
