0.0037207738 -5.7933447e-07
0.011431006 -6.4310572e-07
0.019698008 -8.1778857e-07
0.028561986 -9.44561e-07
0.03806605 -1.0122735e-06
0.04825642 -1.0433053e-06
0.059182656 -1.04594e-06
0.070897896 -1.0248708e-06
0.083459117 -9.7862536e-07
0.096927407 -9.2348589e-07
0.11136827 -8.6847754e-07
0.12685193 -8.01583e-07
 0.1434537 -7.2430019e-07
0.16125431 -6.482731e-07
0.18034035 -5.747671e-07
0.20080462 -5.0729884e-07
0.22274665 -4.4584289e-07
0.24627316 -3.8724915e-07
0.27149856 -3.277013e-07
0.29854554 -2.8124814e-07
0.32754564 -2.4433468e-07
0.35863988 -2.0196052e-07
 0.3919795 -1.6558622e-07
0.42772664 -1.3561902e-07
0.46605515 -1.1412343e-07
0.50715143 -9.6508688e-08
0.55121535 -7.2537426e-08
0.59846122 -5.3214185e-08
 0.6491188 -4.3540684e-08
0.70343446 -3.5691893e-08
0.76167236 -2.2599884e-08
0.82411572 -1.818868e-08
0.89106825 -1.1325503e-08
0.96285554 -6.8961575e-09
