0.0037207738 8.895175e-06
0.011431006 6.652135e-06
0.019698008 7.9960121e-06
0.028561986 9.6058264e-06
0.03806605 9.6625684e-06
0.04825642 8.6501183e-06
0.059182656 7.3394703e-06
0.070897896 6.1124017e-06
0.083459117 5.1110637e-06
0.096927407 4.3007805e-06
0.11136827 3.6704324e-06
0.12685193 3.2597105e-06
 0.1434537 2.9766085e-06
0.16125431 2.7129779e-06
0.18034035 2.4566568e-06
0.20080462 2.2507364e-06
0.22274665 2.1086994e-06
0.24627316 1.9308202e-06
0.27149856 1.7152773e-06
0.29854554 1.5656407e-06
0.32754564 1.4394403e-06
0.35863988 1.3165189e-06
 0.3919795 1.1549852e-06
0.42772664 9.6720818e-07
0.46605515 8.4333583e-07
0.50715143 7.6917735e-07
0.55121535 6.6388491e-07
0.59846122 5.2478812e-07
 0.6491188 4.2332726e-07
0.70343446 3.2890544e-07
0.76167236 2.1511371e-07
0.82411572 1.3012802e-07
0.89106825 8.0634269e-08
0.96285554 3.1091203e-08
