0.0037207738 -2.183868e-07
0.011431006 -1.7227297e-06
0.019698008 -3.5788637e-06
0.028561986 -5.1172317e-06
0.03806605 -6.1434335e-06
0.04825642 -6.7166942e-06
0.059182656 -6.9210291e-06
0.070897896 -6.8320574e-06
0.083459117 -6.5231533e-06
0.096927407 -6.0699037e-06
0.11136827 -5.5487395e-06
0.12685193 -5.0133842e-06
 0.1434537 -4.4880504e-06
0.16125431 -3.9959738e-06
0.18034035 -3.5491392e-06
0.20080462 -3.1452572e-06
0.22274665 -2.7932048e-06
0.24627316 -2.4800344e-06
0.27149856 -2.2102312e-06
0.29854554 -1.9770425e-06
0.32754564 -1.7722621e-06
0.35863988 -1.5865459e-06
 0.3919795 -1.4044307e-06
0.42772664 -1.2405792e-06
0.46605515 -1.0883019e-06
0.50715143 -9.3903497e-07
0.55121535 -7.8507166e-07
0.59846122 -6.4580413e-07
 0.6491188 -5.0979785e-07
0.70343446 -3.8243098e-07
0.76167236 -2.6896237e-07
0.82411572 -1.7216774e-07
0.89106825 -9.834941e-08
0.96285554 -5.7108417e-08
