0.0037207738 1.6401676e-06
0.011431006 2.827203e-06
0.019698008 3.548708e-06
0.028561986 3.9776117e-06
0.03806605 4.0548674e-06
0.04825642 3.8706777e-06
0.059182656 3.5691657e-06
0.070897896 3.2504504e-06
0.083459117 2.9581773e-06
0.096927407 2.696318e-06
0.11136827 2.4490915e-06
0.12685193 2.2073538e-06
 0.1434537 1.9789594e-06
0.16125431 1.7665014e-06
0.18034035 1.5662579e-06
0.20080462 1.3808836e-06
0.22274665 1.2144169e-06
0.24627316 1.0705387e-06
0.27149856 9.4901146e-07
0.29854554 8.5639529e-07
0.32754564 7.8215995e-07
0.35863988 7.1240401e-07
 0.3919795 6.4246448e-07
0.42772664 5.7443192e-07
0.46605515 5.0034839e-07
0.50715143 4.3423442e-07
0.55121535 3.7104983e-07
0.59846122 2.9741064e-07
 0.6491188 2.2048845e-07
0.70343446 1.660051e-07
0.76167236 1.2816587e-07
0.82411572 9.4231508e-08
0.89106825 7.1721886e-08
0.96285554 6.0273481e-08
