0.0037207738 1.4948351e-07
0.011431006 5.2762995e-06
0.019698008 1.8907227e-05
0.028561986 3.0524302e-05
0.03806605 3.2730138e-05
0.04825642 2.8834551e-05
0.059182656 2.3344322e-05
0.070897896 1.8350922e-05
0.083459117 1.4363594e-05
0.096927407 1.1310608e-05
0.11136827 9.005668e-06
0.12685193 7.2861924e-06
 0.1434537 5.9931237e-06
0.16125431 4.982811e-06
0.18034035 4.1936043e-06
0.20080462 3.5802115e-06
0.22274665 3.0819853e-06
0.24627316 2.6853239e-06
0.27149856 2.378341e-06
0.29854554 2.1265584e-06
0.32754564 1.9045015e-06
0.35863988 1.6957461e-06
 0.3919795 1.4828868e-06
0.42772664 1.2810487e-06
0.46605515 1.1196162e-06
0.50715143 9.7987614e-07
0.55121535 8.1850854e-07
0.59846122 6.5760633e-07
 0.6491188 5.1756538e-07
0.70343446 3.8971086e-07
0.76167236 2.6809158e-07
0.82411572 1.5209247e-07
0.89106825 5.6785427e-08
0.96285554 9.6958348e-09
