0.0037207738 3.3834944e-07
0.011431006 1.1430704e-05
0.019698008 4.0152411e-05
0.028561986 6.369609e-05
0.03806605 6.7352684e-05
0.04825642 5.9109329e-05
0.059182656 4.8162616e-05
0.070897896 3.8366371e-05
0.083459117 3.0518785e-05
0.096927407 2.4414483e-05
0.11136827 1.9669155e-05
0.12685193 1.5949233e-05
 0.1434537 1.3080267e-05
0.16125431 1.0912196e-05
0.18034035 9.2833948e-06
0.20080462 7.977171e-06
0.22274665 6.8579083e-06
0.24627316 5.935774e-06
0.27149856 5.2015634e-06
0.29854554 4.5901554e-06
0.32754564 4.072712e-06
0.35863988 3.5885847e-06
 0.3919795 3.1349977e-06
0.42772664 2.741482e-06
0.46605515 2.391509e-06
0.50715143 2.0658086e-06
0.55121535 1.748882e-06
0.59846122 1.452762e-06
 0.6491188 1.157122e-06
0.70343446 8.7911423e-07
0.76167236 5.8034524e-07
0.82411572 3.1356677e-07
0.89106825 1.2738076e-07
0.96285554 1.6835803e-08
