0.0037207738 -2.6605234e-08
0.011431006 -5.4544897e-07
0.019698008 -2.2116063e-06
0.028561986 -4.7019403e-06
0.03806605 -6.761816e-06
0.04825642 -7.8716758e-06
0.059182656 -8.2060978e-06
0.070897896 -8.0491479e-06
0.083459117 -7.6094568e-06
0.096927407 -7.0165379e-06
0.11136827 -6.3485269e-06
0.12685193 -5.6612603e-06
 0.1434537 -5.0195839e-06
0.16125431 -4.4704253e-06
0.18034035 -4.0126247e-06
0.20080462 -3.6112567e-06
0.22274665 -3.2307992e-06
0.24627316 -2.8927243e-06
0.27149856 -2.6143776e-06
0.29854554 -2.365793e-06
0.32754564 -2.1443338e-06
0.35863988 -1.9286806e-06
 0.3919795 -1.7184949e-06
0.42772664 -1.5309601e-06
0.46605515 -1.349115e-06
0.50715143 -1.1776193e-06
0.55121535 -1.0152123e-06
0.59846122 -8.6263296e-07
 0.6491188 -7.127368e-07
0.70343446 -5.6920637e-07
0.76167236 -4.1439232e-07
0.82411572 -2.6293591e-07
0.89106825 -1.5408191e-07
0.96285554 -5.3053712e-08
