0.0037207738 -2.1546453e-08
0.011431006 -4.4424531e-07
0.019698008 -1.9007821e-06
0.028561986 -4.2018199e-06
0.03806605 -6.200071e-06
0.04825642 -7.3114162e-06
0.059182656 -7.6197825e-06
0.070897896 -7.4085671e-06
0.083459117 -6.9183023e-06
0.096927407 -6.2973698e-06
0.11136827 -5.649257e-06
0.12685193 -5.0449891e-06
 0.1434537 -4.5001154e-06
0.16125431 -3.9980185e-06
0.18034035 -3.5572884e-06
0.20080462 -3.1898568e-06
0.22274665 -2.8654693e-06
0.24627316 -2.5868874e-06
0.27149856 -2.3617741e-06
0.29854554 -2.1643925e-06
0.32754564 -1.9849492e-06
0.35863988 -1.8063862e-06
 0.3919795 -1.6163677e-06
0.42772664 -1.4300691e-06
0.46605515 -1.2808869e-06
0.50715143 -1.1491129e-06
0.55121535 -9.9412212e-07
0.59846122 -8.230341e-07
 0.6491188 -6.7271574e-07
0.70343446 -5.3514811e-07
0.76167236 -3.9501467e-07
0.82411572 -2.648248e-07
0.89106825 -1.4508871e-07
0.96285554 -4.5299804e-08
