0.0037207738 -1.4082896e-10
0.011431006 -3.2877225e-09
0.019698008 -1.1112478e-08
0.028561986 -1.954733e-08
0.03806605 -2.1524677e-08
0.04825642 -1.5604908e-08
0.059182656 -7.7773044e-09
0.070897896 -3.94258e-09
0.083459117 -2.8290376e-09
0.096927407 -2.2285878e-09
0.11136827 -2.8148203e-09
0.12685193 -7.0559333e-09
 0.1434537 -1.1346462e-08
0.16125431 -1.3554796e-08
0.18034035 -1.5728173e-08
0.20080462 -1.9820742e-08
0.22274665 -2.2933781e-08
0.24627316 -2.2751536e-08
0.27149856 -2.1841298e-08
0.29854554 -2.2073239e-08
0.32754564 -1.9774291e-08
0.35863988 -1.6345913e-08
 0.3919795 -1.1662674e-08
0.42772664 -9.031245e-09
0.46605515 -7.7451043e-09
0.50715143 -7.0164758e-09
0.55121535 -8.2638773e-09
0.59846122 -8.952325e-09
 0.6491188 -8.3009396e-09
0.70343446 -6.2415774e-09
0.76167236 -4.1271145e-09
0.82411572 -3.646436e-09
0.89106825 -3.714144e-09
0.96285554 -2.5486833e-09
