0.0037207738 0.91009368
0.011431006 0.59017592
0.019698008  1.0054786
0.028561986  10.599518
0.03806605  1.3296887
0.04825642  1.4140868
0.059182656 0.95664569
0.070897896 0.95682951
0.083459117  1.2421691
0.096927407  2.4493596
0.11136827  1.3230224
0.12685193 0.96519728
 0.1434537  1.1020514
0.16125431  1.0675848
0.18034035  1.0800934
0.20080462 0.93070088
0.22274665 0.90377737
0.24627316 0.65089614
0.27149856 0.59288889
0.29854554   1.110125
0.32754564  1.0021316
0.35863988 0.98274123
 0.3919795 -0.44780164
0.42772664 0.88496067
0.46605515  1.1167531
0.50715143   1.285909
0.55121535  1.0658108
0.59846122  -1.670305
 0.6491188 0.93389086
0.70343446  1.0324945
0.76167236 0.87136765
0.82411572   0.892029
0.89106825 0.98279463
0.96285554 0.18092113
