0.0037207738 1.6808119e-05
0.011431006 0.00015052467
0.019698008 0.00035955342
0.028561986 0.00052150763
0.03806605 0.00058789995
0.04825642 0.0005848261
0.059182656 0.00054776185
0.070897896 0.00049858264
0.083459117 0.00044784758
0.096927407 0.00039990233
0.11136827 0.00035651316
0.12685193 0.00031831951
 0.1434537 0.00028550026
0.16125431 0.00025720428
0.18034035 0.00023254355
0.20080462 0.00021132177
0.22274665 0.00019285515
0.24627316 0.00017637867
0.27149856 0.00016169097
0.29854554 0.00014899952
0.32754564 0.00013771701
0.35863988 0.00012695962
 0.3919795 0.00011689046
0.42772664 0.00010741848
0.46605515 9.8164519e-05
0.50715143 8.9393258e-05
0.55121535 8.0982224e-05
0.59846122 7.206541e-05
 0.6491188 6.3398054e-05
0.70343446 5.5537342e-05
0.76167236 4.7720195e-05
0.82411572 4.0470289e-05
0.89106825 3.4006769e-05
0.96285554 3.0444946e-05
