0.0037207738 -6.2766233e-08
0.011431006 -2.253191e-06
0.019698008 -9.3177921e-06
0.028561986 -1.9238602e-05
0.03806605 -2.811778e-05
0.04825642 -3.4606296e-05
0.059182656 -3.8968877e-05
0.070897896 -4.1778385e-05
0.083459117 -4.3494024e-05
0.096927407 -4.4419321e-05
0.11136827 -4.4775489e-05
0.12685193 -4.4708959e-05
 0.1434537 -4.434913e-05
0.16125431 -4.3734552e-05
0.18034035 -4.2927767e-05
0.20080462 -4.1956825e-05
0.22274665 -4.0869871e-05
0.24627316 -3.9690271e-05
0.27149856 -3.8344974e-05
0.29854554 -3.6931896e-05
0.32754564 -3.5424197e-05
0.35863988 -3.3784109e-05
 0.3919795 -3.2024771e-05
0.42772664 -3.0124011e-05
0.46605515 -2.808796e-05
0.50715143 -2.5918113e-05
0.55121535 -2.3662013e-05
0.59846122 -2.1170949e-05
 0.6491188 -1.8493727e-05
0.70343446 -1.5742976e-05
0.76167236 -1.2669704e-05
0.82411572 -9.4041711e-06
0.89106825 -5.8367222e-06
0.96285554 -2.0245233e-06
