0.0037207738 -5.7863043e-08
0.011431006 -2.1632926e-06
0.019698008 -9.0077373e-06
0.028561986 -1.8612453e-05
0.03806605 -2.7221996e-05
0.04825642 -3.3472098e-05
0.059182656 -3.7610883e-05
0.070897896 -4.0229906e-05
0.083459117 -4.1820293e-05
0.096927407 -4.2724363e-05
0.11136827 -4.3148527e-05
0.12685193 -4.3202721e-05
 0.1434537 -4.2980428e-05
0.16125431 -4.2536245e-05
0.18034035 -4.1919554e-05
0.20080462 -4.1121908e-05
0.22274665 -4.0195979e-05
0.24627316 -3.9139013e-05
0.27149856 -3.7927617e-05
0.29854554 -3.6576541e-05
0.32754564 -3.5128208e-05
0.35863988 -3.3617603e-05
 0.3919795 -3.1947891e-05
0.42772664 -3.011944e-05
0.46605515 -2.8142601e-05
0.50715143 -2.6028722e-05
0.55121535 -2.3654548e-05
0.59846122 -2.124978e-05
 0.6491188 -1.8610621e-05
0.70343446 -1.5756424e-05
0.76167236 -1.2727459e-05
0.82411572 -9.3824341e-06
0.89106825 -5.8594477e-06
0.96285554 -2.06452e-06
