0.0037207738 3.2310176e-06
0.011431006 1.6693e-05
0.019698008 3.1544032e-05
0.028561986 4.4441861e-05
0.03806605 5.4535119e-05
0.04825642 6.1701448e-05
0.059182656 6.6366345e-05
0.070897896 6.9026756e-05
0.083459117 7.0172671e-05
0.096927407 7.0210137e-05
0.11136827 6.9431815e-05
0.12685193 6.808403e-05
 0.1434537 6.6357842e-05
0.16125431 6.4476843e-05
0.18034035 6.2576491e-05
0.20080462 6.0631267e-05
0.22274665 5.8579579e-05
0.24627316 5.642993e-05
0.27149856 5.4073427e-05
0.29854554 5.1509401e-05
0.32754564 4.8894184e-05
0.35863988 4.6328476e-05
 0.3919795 4.3839296e-05
0.42772664 4.1327407e-05
0.46605515 3.8424677e-05
0.50715143 3.5298006e-05
0.55121535 3.1900707e-05
0.59846122 2.8184262e-05
 0.6491188 2.4307057e-05
0.70343446 2.064697e-05
0.76167236 1.7248386e-05
0.82411572 1.4094541e-05
0.89106825 1.1783855e-05
0.96285554 1.0225435e-05
