0.0037207738 1.1549817e-06
0.011431006 5.7249096e-06
0.019698008 8.3092309e-06
0.028561986 3.3692976e-06
0.03806605 -2.8920918e-06
0.04825642 -5.2464931e-06
0.059182656 -4.8816191e-06
0.070897896 -3.7131549e-06
0.083459117 -2.5969383e-06
0.096927407 -1.7499285e-06
0.11136827 -1.106587e-06
0.12685193 -6.008751e-07
 0.1434537 -2.2936714e-07
0.16125431 3.3327914e-09
0.18034035 1.199773e-07
0.20080462 2.0114173e-07
0.22274665 2.4308929e-07
0.24627316 2.5450118e-07
0.27149856 2.2886304e-07
0.29854554 1.6856206e-07
0.32754564 1.2430196e-07
0.35863988 1.1845897e-07
 0.3919795 1.0223386e-07
0.42772664 7.529839e-08
0.46605515 8.3678694e-08
0.50715143 8.1582931e-08
0.55121535 5.9616461e-08
0.59846122 6.5736983e-08
 0.6491188 9.4013744e-08
0.70343446 1.0719037e-07
0.76167236 1.3691089e-07
0.82411572 1.7417657e-07
0.89106825 2.0235681e-07
0.96285554 2.1289643e-07
