0.0037207738 2.3585866e-06
0.011431006 1.1436391e-05
0.019698008 1.6185459e-05
0.028561986 5.6821422e-06
0.03806605 -7.2573884e-06
0.04825642 -1.202572e-05
0.059182656 -1.1049522e-05
0.070897896 -8.2716318e-06
0.083459117 -5.534865e-06
0.096927407 -3.3867507e-06
0.11136827 -1.7633779e-06
0.12685193 -5.5830114e-07
 0.1434537 2.6109389e-07
0.16125431 7.1379034e-07
0.18034035 8.4505709e-07
0.20080462 8.7024381e-07
0.22274665 8.7852487e-07
0.24627316 8.3400668e-07
0.27149856 7.0823825e-07
0.29854554 5.4585532e-07
0.32754564 4.199955e-07
0.35863988 3.4907316e-07
 0.3919795 2.7600544e-07
0.42772664 2.0991107e-07
0.46605515 1.9838328e-07
0.50715143 1.8453037e-07
0.55121535 1.4919465e-07
0.59846122 1.2630728e-07
 0.6491188 1.1867773e-07
0.70343446 1.2599448e-07
0.76167236 1.8398324e-07
0.82411572 2.3897722e-07
0.89106825 2.7848221e-07
0.96285554 3.0620396e-07
