0.0037207738 -5.6782828e-08
0.011431006 -6.3205905e-07
0.019698008 -1.7242437e-06
0.028561986 -2.197707e-06
0.03806605 -1.6780389e-06
0.04825642 -8.4705474e-07
0.059182656 -1.3079351e-07
0.070897896 3.9107117e-07
0.083459117 7.3305256e-07
0.096927407 9.0152724e-07
0.11136827 9.319266e-07
0.12685193 8.6681534e-07
 0.1434537 7.3313195e-07
0.16125431 5.6924615e-07
0.18034035 4.1569716e-07
0.20080462 3.0354667e-07
0.22274665 1.9918924e-07
0.24627316 1.0622847e-07
0.27149856 6.7793805e-08
0.29854554 5.5875904e-08
0.32754564 5.258227e-08
0.35863988 5.4960347e-08
 0.3919795 4.6465911e-08
0.42772664 2.0974721e-08
0.46605515 2.2894636e-08
0.50715143 3.2429712e-08
0.55121535 3.0840428e-08
0.59846122 1.5863578e-08
 0.6491188 -8.4410349e-09
0.70343446 -1.3752151e-08
0.76167236 -2.4024838e-08
0.82411572 -3.4626193e-08
0.89106825 -3.483429e-08
0.96285554 -1.6040953e-08
