0.0037207738 -4.8984666e-08
0.011431006 -2.5035477e-08
0.019698008 1.8267998e-07
0.028561986 3.9494304e-07
0.03806605 4.0257814e-07
0.04825642 2.5395133e-07
0.059182656 7.4420647e-08
0.070897896 -6.589367e-08
0.083459117 -1.4637892e-07
0.096927407 -1.7860195e-07
0.11136827 -1.8324665e-07
0.12685193 -1.6928783e-07
 0.1434537 -1.4652551e-07
0.16125431 -1.1565973e-07
0.18034035 -6.9159725e-08
0.20080462 -2.9543343e-08
0.22274665 -2.0155198e-08
0.24627316 -1.439939e-08
0.27149856 -1.4077146e-08
0.29854554 -2.6179238e-08
0.32754564 -3.1765965e-08
0.35863988 -2.0644752e-08
 0.3919795 -7.4938527e-09
0.42772664 -4.1808096e-10
0.46605515 7.7330653e-09
0.50715143 4.3601475e-09
0.55121535 -6.8434595e-09
0.59846122 1.6260514e-09
 0.6491188 1.9671343e-08
0.70343446 2.310967e-08
0.76167236 2.237705e-08
0.82411572 2.3752374e-08
0.89106825 2.6094554e-08
0.96285554 2.2883822e-08
