0.0037207738 0.010004775
0.011431006 0.030279119
0.019698008 0.049943288
0.028561986 0.067031755
0.03806605 0.080666139
0.04825642 0.091136455
0.059182656 0.099160401
0.070897896 0.10541011
0.083459117 0.11039312
0.096927407 0.11446625
0.11136827 0.11787391
0.12685193 0.12078958
 0.1434537 0.12333916
0.16125431  0.1256127
0.18034035 0.12766759
0.20080462  0.1295677
0.22274665 0.13135586
0.24627316 0.13305182
0.27149856 0.13469817
0.29854554 0.13631195
0.32754564 0.13791841
0.35863988 0.13953188
 0.3919795 0.14112399
0.42772664  0.1426999
0.46605515 0.14425214
0.50715143 0.14580425
0.55121535 0.14738018
0.59846122 0.14887123
 0.6491188 0.15028168
0.70343446 0.15163611
0.76167236 0.15286675
0.82411572 0.15393502
0.89106825 0.15474931
0.96285554 0.15519805
