0.0037207738 0.0040997706
0.011431006 0.01226885
0.019698008 0.018961894
0.028561986 0.022836541
0.03806605 0.024246648
0.04825642 0.024183178
0.059182656 0.023404313
0.070897896 0.022328964
0.083459117 0.02116241
0.096927407 0.019997558
0.11136827 0.018881556
0.12685193 0.017841511
 0.1434537 0.016896753
0.16125431 0.01603759
0.18034035 0.015249379
0.20080462 0.014536911
0.22274665 0.01388723
0.24627316 0.013280763
0.27149856 0.012715776
0.29854554 0.012206536
0.32754564 0.011735289
0.35863988 0.011267636
 0.3919795 0.010811589
0.42772664 0.010364289
0.46605515 0.0099078009
0.50715143 0.0094548008
0.55121535 0.0089990124
0.59846122 0.0084891348
 0.6491188 0.0079622895
0.70343446 0.007452338
0.76167236 0.0069079805
0.82411572 0.0063616263
0.89106825 0.0058315323
0.96285554 0.0055176939
