0.0037207738 9.9498642e-05
0.011431006 0.0004636398
0.019698008 0.0010081765
0.028561986 0.0016750463
0.03806605 0.0023647837
0.04825642 0.0030264541
0.059182656 0.0036362282
0.070897896 0.0041803259
0.083459117 0.0046519781
0.096927407 0.0050499413
0.11136827 0.0053761477
0.12685193 0.0056349732
 0.1434537 0.0058338023
0.16125431 0.0059827095
0.18034035 0.0060899566
0.20080462 0.0061634392
0.22274665 0.0062068874
0.24627316 0.0062236046
0.27149856 0.0062159496
0.29854554 0.0061857479
0.32754564 0.0061295666
0.35863988 0.0060469084
 0.3919795 0.0059405366
0.42772664 0.0058075911
0.46605515 0.0056498455
0.50715143 0.0054709032
0.55121535 0.0052642742
0.59846122 0.0050300034
 0.6491188 0.0047780053
0.70343446 0.0045130256
0.76167236 0.0042580371
0.82411572 0.0039985376
0.89106825 0.0037910539
0.96285554 0.0036609898
