0.0037207738 0.0016079663
0.011431006 0.0036584974
0.019698008 0.005044865
0.028561986 0.006016305
0.03806605 0.0067062017
0.04825642 0.0071804119
0.059182656 0.0074935686
0.070897896 0.0076884058
0.083459117 0.0077934155
0.096927407 0.007830158
0.11136827 0.0078151991
0.12685193 0.0077610667
 0.1434537 0.0076775385
0.16125431 0.0075753787
0.18034035 0.0074689424
0.20080462 0.007357568
0.22274665 0.0072343871
0.24627316 0.0071092861
0.27149856 0.0069841407
0.29854554 0.0068566396
0.32754564 0.0067245723
0.35863988 0.0065853942
 0.3919795 0.0064447988
0.42772664 0.0062956604
0.46605515 0.0061278147
0.50715143 0.005920257
0.55121535 0.005653702
0.59846122 0.0053412053
 0.6491188 0.0049870589
0.70343446 0.0046039218
0.76167236 0.0042245067
0.82411572 0.0038452793
0.89106825 0.0035347444
0.96285554 0.0033566646
