0.0037207738 0.38619528
0.011431006 0.25865839
0.019698008 0.25367587
0.028561986 0.28621417
0.03806605 0.30123285
0.04825642 0.29926331
0.059182656 0.28768532
0.070897896 0.27221517
0.083459117 0.25573544
0.096927407 0.23957799
0.11136827 0.22430552
0.12685193 0.20994858
 0.1434537 0.19669988
0.16125431 0.18465057
0.18034035 0.17370337
0.20080462   0.163613
0.22274665  0.1542381
0.24627316 0.14575394
0.27149856 0.13799045
0.29854554 0.13071211
0.32754564 0.12362374
0.35863988  0.1166741
 0.3919795 0.10976086
0.42772664 0.10304831
0.46605515 0.096801945
0.50715143 0.090375821
0.55121535 0.083559097
0.59846122 0.076480146
 0.6491188 0.06945514
0.70343446 0.062002396
0.76167236 0.054753895
0.82411572 0.048257093
0.89106825 0.042534684
0.96285554 0.039358944
