0.0037207738 0.06253253
0.011431006 0.18565603
0.019698008 0.28597681
0.028561986 0.34416483
0.03806605 0.36409189
0.04825642 0.36000563
0.059182656 0.34397859
0.070897896  0.3232324
0.083459117 0.30134257
0.096927407 0.27990333
0.11136827 0.25975303
0.12685193 0.24119233
 0.1434537 0.22434153
0.16125431 0.20926697
0.18034035 0.19578387
0.20080462 0.18351229
0.22274665 0.17228228
0.24627316 0.16212192
0.27149856 0.15280071
0.29854554 0.14406845
0.32754564 0.13572138
0.35863988 0.12802755
 0.3919795 0.12060693
0.42772664 0.11330687
0.46605515 0.10617764
0.50715143 0.099098074
0.55121535 0.091680525
0.59846122 0.083953929
 0.6491188 0.076345556
0.70343446 0.069000964
0.76167236 0.062020413
0.82411572 0.05524184
0.89106825 0.049390014
0.96285554 0.046173054
