0.0037207738 -0.0090439971
0.011431006 -0.010744403
0.019698008 -0.013429098
0.028561986 -0.014888633
0.03806605 -0.014212041
0.04825642 -0.012155232
0.059182656 -0.0097906949
0.070897896 -0.007751982
0.083459117 -0.0058821049
0.096927407 -0.0039277566
0.11136827 -0.0020745598
0.12685193 -0.00059257929
 0.1434537 0.00033422849
0.16125431 0.00054964817
0.18034035 0.00020678567
0.20080462 0.00014806268
0.22274665 0.00069573594
0.24627316 0.0013550597
0.27149856 0.001744924
0.29854554 0.0020254773
0.32754564 0.0022886055
0.35863988 0.0018694998
 0.3919795 0.0010382739
0.42772664 0.00091439198
0.46605515 0.0011992999
0.50715143 0.0012607078
0.55121535 0.0015229999
0.59846122 0.0016484282
 0.6491188 0.0015784085
0.70343446 0.0014327195
0.76167236 0.0012260594
0.82411572 0.0010684639
0.89106825 0.00074592957
0.96285554 0.00090337887
