0.0037207738  1.0767253
0.011431006 0.96332058
0.019698008   0.803738
0.028561986  0.7118883
0.03806605 0.67114445
0.04825642 0.62416686
0.059182656 0.56558226
0.070897896 0.50584224
0.083459117 0.45115235
0.096927407 0.40368745
0.11136827 0.36292124
0.12685193 0.32797976
 0.1434537 0.29743682
0.16125431 0.27088944
0.18034035 0.24826725
0.20080462 0.22792423
0.22274665 0.20944993
0.24627316 0.19296022
0.27149856 0.17740316
0.29854554 0.16285326
0.32754564 0.14992424
0.35863988 0.13851132
 0.3919795 0.12746745
0.42772664 0.11727127
0.46605515 0.10794651
0.50715143 0.098731941
0.55121535 0.089995335
0.59846122 0.082054109
 0.6491188 0.074396405
0.70343446 0.067173791
0.76167236 0.06042711
0.82411572 0.053717659
0.89106825 0.048777251
0.96285554 0.045328616
